# Data file initialised: 2017-06-10 21:58:07.084883
#

# This data file is free to use for the general public. All data found in this 
# file is raw data from the rocket. If there was no data available from the
# sensors when the rocket was attempting to send the data, the data received
# is repeated from the last measurement. The pitch, roll and yaw columns were
# all calculated on board the rocket from the magnetometer, gyroscope and 
# accelerometer data.
#
# Sensors were calibrated at the time when the first data was received.
#
# Units: 
# 
#
# Columns in order w/(units): 
                             
2017-06-10 21:58:07.0868881|20|25|11|20|15|4|26|6|2|1|5|19|24|12|24|7|12|
2017-06-10 21:58:07.76368815|0|18|29|9|4|26|24|8|13|3|3|20|24|0|2|4|9|
2017-06-10 21:58:08.29008829|20|7|0|25|0|24|28|20|21|2|27|12|2|14|2|3|28|
2017-06-10 21:58:08.62150729|4|27|21|0|10|13|28|18|8|26|4|27|4|4|12|27|26|
2017-06-10 21:58:08.9428589|17|25|19|10|17|21|22|23|0|19|22|21|26|26|9|19|17|
2017-06-10 21:58:09.28122528|24|10|7|3|25|28|11|13|25|8|11|2|12|7|6|20|11|
2017-06-10 21:58:09.62313528|13|23|19|4|6|6|16|29|23|10|18|8|4|5|28|19|21|
2017-06-10 21:58:09.97861426|0|1|8|27|29|24|12|18|17|2|17|28|22|14|18|29|5|
2017-06-10 21:58:10.33506112|17|7|8|7|4|10|26|25|25|13|26|9|18|11|0|16|3|
2017-06-10 21:58:10.7165515|4|6|20|5|2|21|27|8|27|5|21|4|17|2|23|24|26|
2017-06-10 21:58:11.1492335|3|10|26|15|26|20|19|22|10|0|2|28|0|6|20|28|27|
2017-06-10 21:58:11.46507024|11|21|1|0|2|21|21|5|20|10|11|25|20|9|28|3|10|
2017-06-10 21:58:11.8209796|28|0|11|17|12|22|6|27|8|17|23|28|12|6|2|27|9|
2017-06-10 21:58:12.1769274|17|14|27|21|13|18|21|12|29|7|17|12|10|9|15|0|5|
2017-06-10 21:58:12.5052986|10|22|6|25|25|1|28|11|2|28|20|5|3|25|22|13|22|
2017-06-10 21:58:12.8296634|21|9|13|6|8|18|28|22|27|4|1|2|16|20|11|13|5|
2017-06-10 21:58:13.2316260|8|10|26|13|14|16|7|0|16|12|2|1|19|4|14|11|27|
2017-06-10 21:58:13.62216611|15|27|2|6|10|14|23|1|22|8|19|20|5|26|17|10|5|
2017-06-10 21:58:14.01420828|27|8|24|7|7|3|22|4|2|16|17|4|17|22|0|23|5|
2017-06-10 21:58:14.4986115|25|8|20|13|2|28|24|8|8|27|1|11|21|26|16|2|0|
2017-06-10 21:58:14.99245124|27|20|10|28|29|22|18|28|6|14|4|12|29|28|17|29|15|
2017-06-10 21:58:15.3424026|25|9|22|4|22|14|11|15|18|17|18|18|5|22|21|8|24|
2017-06-10 21:58:15.6887763|5|16|2|23|19|8|12|0|12|27|14|16|13|26|6|15|6|
2017-06-10 21:58:16.02921027|29|8|22|26|24|3|19|8|12|24|12|16|26|5|24|3|22|
2017-06-10 21:58:16.36607912|13|25|28|6|28|25|14|2|16|13|15|7|2|17|0|15|24|
2017-06-10 21:58:16.76514017|5|24|27|6|26|5|4|22|22|25|2|25|24|21|12|12|23|
2017-06-10 21:58:17.1657098|27|27|15|26|20|26|7|10|1|29|7|8|23|23|16|11|5|
2017-06-10 21:58:17.49812914|16|1|23|15|3|16|10|27|27|10|5|7|19|18|20|6|9|
2017-06-10 21:58:17.82496410|14|21|11|10|10|18|1|17|4|6|2|18|9|13|5|9|14|
2017-06-10 21:58:18.21449911|28|27|14|9|0|25|23|22|9|8|14|26|25|12|20|28|6|
2017-06-10 21:58:18.55440219|24|6|7|23|3|12|2|15|8|10|13|4|2|5|28|12|19|
2017-06-10 21:58:18.8838222|16|12|16|5|16|26|16|28|29|27|0|19|21|22|10|14|13|
2017-06-10 21:58:19.2462422|8|15|18|16|1|0|9|22|8|9|24|26|4|21|23|21|16|
2017-06-10 21:58:19.6628508|27|12|10|1|12|12|4|13|6|21|25|2|24|1|29|29|29|
2017-06-10 21:58:20.08998615|22|12|21|22|20|29|24|29|21|1|14|1|1|23|15|24|6|
2017-06-10 21:58:20.44948614|18|22|8|17|14|8|27|18|3|12|24|23|29|24|16|25|18|
2017-06-10 21:58:20.82694625|21|25|20|4|1|29|15|2|9|14|6|14|4|26|14|16|4|
2017-06-10 21:58:21.19195121|9|12|16|18|5|17|26|16|15|14|22|27|14|9|5|9|24|
2017-06-10 21:58:21.57297019|29|2|16|8|2|23|4|11|13|5|20|22|23|0|29|25|13|
2017-06-10 21:58:21.94543826|3|29|28|22|2|16|15|2|8|11|3|28|25|24|27|0|14|
2017-06-10 21:58:22.32242410|26|9|9|12|25|27|16|3|19|16|25|5|2|11|28|20|2|
2017-06-10 21:58:22.7345201|24|6|4|26|23|27|2|18|3|20|7|22|10|5|9|12|22|
2017-06-10 21:58:23.20377310|9|12|17|9|4|28|14|0|5|14|24|15|22|12|26|8|29|
2017-06-10 21:58:23.5797726|25|8|29|12|26|19|14|17|12|18|23|2|7|28|17|11|27|
2017-06-10 21:58:23.94374229|19|6|28|18|15|6|11|27|14|28|22|17|26|28|27|26|2|
2017-06-10 21:58:24.3242529|24|16|7|18|7|15|27|6|14|21|0|3|16|21|13|16|9|
2017-06-10 21:58:24.73387629|19|14|4|17|12|15|11|26|13|2|8|7|10|17|15|11|25|
2017-06-10 21:58:25.06021319|4|22|26|10|12|27|26|24|13|2|3|21|0|6|26|23|16|
2017-06-10 21:58:25.4131524|7|5|17|3|23|11|21|2|4|22|0|3|9|5|29|19|19|
2017-06-10 21:58:25.80469923|5|9|8|24|6|26|11|25|0|8|26|14|8|19|6|21|16|
2017-06-10 21:58:26.1781866|0|12|12|26|25|12|4|19|1|8|22|0|15|11|28|13|10|
2017-06-10 21:58:26.53965020|14|7|20|3|5|8|26|15|16|28|13|11|2|0|26|4|19|
2017-06-10 21:58:26.9021123|9|22|1|21|10|2|25|21|15|2|27|17|16|24|18|6|16|
2017-06-10 21:58:27.24857219|27|8|13|18|27|23|24|3|1|24|27|12|0|11|24|28|9|
2017-06-10 21:58:27.58547010|7|3|20|20|21|14|5|5|17|10|6|2|29|8|25|0|8|
2017-06-10 21:58:27.95996817|6|25|0|3|4|2|5|5|27|16|10|0|3|2|25|24|21|
2017-06-10 21:58:28.3449510|5|23|14|25|4|22|2|10|21|15|20|3|5|5|3|28|16|
2017-06-10 21:58:28.7415045|8|27|17|24|14|9|2|2|22|10|29|9|10|27|13|0|18|
2017-06-10 21:58:29.1235208|6|14|28|4|13|15|22|10|2|18|25|16|26|22|0|15|6|
2017-06-10 21:58:29.50211822|16|7|13|22|2|7|22|21|24|24|25|12|0|19|28|27|10|
2017-06-10 21:58:29.86505114|1|22|15|11|26|24|7|29|18|22|5|22|23|18|5|17|3|
2017-06-10 21:58:30.2104697|0|18|26|22|23|25|14|10|19|3|3|2|29|1|21|13|14|
2017-06-10 21:58:30.58145511|12|22|11|6|23|0|19|19|7|14|25|16|26|16|29|5|0|
2017-06-10 21:58:30.93940727|15|11|9|7|15|25|18|20|16|20|12|7|6|8|0|9|6|
2017-06-10 21:58:31.2878351|8|9|9|13|17|26|19|6|10|10|20|7|13|0|1|11|9|
2017-06-10 21:58:31.74509826|21|27|21|14|13|26|17|29|15|22|5|24|20|29|10|4|17|
2017-06-10 21:58:32.15769523|12|7|2|5|19|6|18|3|29|24|0|7|5|21|14|0|18|
2017-06-10 21:58:32.51518927|2|1|29|18|17|22|2|26|26|24|21|20|19|29|17|26|25|
2017-06-10 21:58:32.8676179|20|14|1|2|17|0|17|11|15|11|18|9|20|13|2|7|14|
2017-06-10 21:58:33.2942195|8|18|21|7|16|9|1|4|28|6|12|6|1|20|16|15|6|
2017-06-10 21:58:33.65267312|0|19|10|13|17|5|7|7|19|26|13|1|2|28|17|22|5|
2017-06-10 21:58:34.00311513|27|11|8|15|19|23|2|0|4|28|18|27|5|22|1|19|2|
2017-06-10 21:58:34.4121912|11|29|24|23|6|12|6|21|19|28|8|16|3|2|26|1|27|
2017-06-10 21:58:34.81927425|9|27|9|25|11|29|23|17|9|17|12|13|6|6|13|3|2|
2017-06-10 21:58:35.2589830|15|22|16|25|26|20|0|12|14|3|9|10|24|12|10|23|0|
2017-06-10 21:58:35.64497013|12|28|3|9|2|3|24|24|20|5|14|19|25|2|4|4|26|
2017-06-10 21:58:36.0169606|4|7|3|29|23|13|12|22|22|6|28|19|16|9|2|23|27|
2017-06-10 21:58:36.37090123|12|28|22|5|27|1|14|9|29|22|4|29|28|4|24|6|16|
2017-06-10 21:58:36.79506310|21|17|26|24|4|20|22|8|4|29|15|14|0|21|20|9|6|
2017-06-10 21:58:37.17457518|22|19|14|9|23|6|6|19|4|28|0|6|19|17|5|19|25|
2017-06-10 21:58:37.57159414|8|29|8|12|27|16|14|5|8|22|4|2|11|0|19|7|2|
2017-06-10 21:58:38.0202884|6|22|0|25|7|9|3|25|18|19|25|27|22|0|13|29|5|
2017-06-10 21:58:38.44647329|27|13|14|18|13|7|12|20|25|6|22|12|6|8|5|17|19|
2017-06-10 21:58:38.81244713|5|24|7|13|8|22|13|16|10|2|1|11|17|10|14|22|7|
2017-06-10 21:58:39.21355818|14|17|13|8|27|3|0|24|18|5|8|10|28|13|21|15|19|
2017-06-10 21:58:39.59510928|4|21|15|29|12|13|24|12|28|17|9|28|28|3|23|21|8|
2017-06-10 21:58:40.00319525|20|4|7|7|25|19|14|18|2|22|19|19|29|3|19|7|23|
2017-06-10 21:58:40.41325023|23|13|4|20|3|20|10|0|26|16|6|27|23|25|10|12|29|
2017-06-10 21:58:40.86900412|29|22|25|11|21|8|23|1|26|3|28|21|23|27|27|6|5|
2017-06-10 21:58:41.28263024|24|0|13|29|22|27|10|18|24|3|23|16|17|19|15|7|0|
2017-06-10 21:58:41.70171018|5|22|23|28|11|9|7|23|18|27|20|21|7|21|9|8|0|
2017-06-10 21:58:42.1077894|3|17|14|23|20|21|24|3|19|10|11|10|24|1|29|28|10|
2017-06-10 21:58:42.4186158|1|6|17|19|4|25|11|23|16|8|23|4|18|28|12|20|3|
2017-06-10 21:58:42.74451618|25|11|28|28|3|20|5|21|19|0|18|26|25|2|4|4|15|
2017-06-10 21:58:43.13364117|21|27|14|9|0|0|15|27|7|7|18|24|14|1|25|5|8|
2017-06-10 21:58:43.48006617|18|4|15|4|15|27|0|0|9|24|28|7|29|10|14|0|8|
2017-06-10 21:58:43.8441437|8|14|23|9|6|26|10|26|22|28|28|21|24|13|22|2|29|
2017-06-10 21:58:44.24817417|25|14|9|2|17|4|13|18|4|20|9|14|15|20|22|23|13|
2017-06-10 21:58:44.58109925|18|25|22|29|19|1|16|7|23|3|4|0|13|4|16|26|20|
2017-06-10 21:58:44.9535529|22|7|10|28|3|17|7|20|2|17|26|7|11|10|28|18|23|
2017-06-10 21:58:45.2984699|13|21|4|10|16|26|15|23|9|23|3|24|13|17|17|18|28|
2017-06-10 21:58:45.6479411|12|22|19|24|7|17|26|7|22|17|21|0|23|1|19|5|23|
2017-06-10 21:58:45.99682614|18|26|9|18|20|21|20|19|9|0|4|8|3|10|11|10|13|
2017-06-10 21:58:46.41744426|4|4|7|26|2|15|24|2|10|11|5|9|0|5|15|16|6|
2017-06-10 21:58:46.84708715|16|22|10|19|26|28|20|23|14|16|18|28|14|7|20|11|18|
2017-06-10 21:58:47.24250020|1|27|24|22|19|6|27|14|10|8|21|23|0|28|7|16|11|
2017-06-10 21:58:47.59297321|28|23|23|20|27|16|25|27|19|6|5|7|10|12|24|25|15|
2017-06-10 21:58:47.97194014|9|1|26|6|7|15|24|22|0|4|1|9|17|19|14|16|16|
2017-06-10 21:58:48.36098025|18|16|1|24|23|21|22|19|28|25|6|9|5|1|18|20|14|
2017-06-10 21:58:48.70493920|25|2|0|22|17|14|11|17|9|14|3|12|20|18|4|11|9|
2017-06-10 21:58:49.06886612|21|22|26|10|18|20|14|13|11|27|20|2|0|25|13|25|24|
2017-06-10 21:58:49.4513833|28|10|5|1|6|1|21|2|20|16|24|10|2|8|5|6|15|
2017-06-10 21:58:49.8486011|10|25|28|13|6|26|14|11|28|19|9|29|24|22|5|4|19|
2017-06-10 21:58:50.2902718|22|23|27|16|2|15|17|2|6|22|23|2|19|6|6|4|8|
2017-06-10 21:58:50.64628610|7|21|6|0|18|10|17|21|19|28|11|8|4|25|24|20|4|
2017-06-10 21:58:51.01394125|8|6|25|4|24|12|22|26|24|1|10|11|3|12|29|17|22|
2017-06-10 21:58:51.36338523|6|24|3|19|12|13|29|7|27|12|0|22|25|24|5|15|26|
2017-06-10 21:58:51.77199513|14|4|27|14|27|25|8|27|8|14|0|4|19|22|6|1|1|
2017-06-10 21:58:52.12690013|22|1|8|24|23|18|1|26|4|25|16|18|17|18|21|20|9|
2017-06-10 21:58:52.4983892|21|14|19|11|11|18|2|11|3|0|0|27|21|0|18|3|14|
2017-06-10 21:58:52.92251822|24|9|16|2|5|28|15|25|14|19|17|16|14|15|3|17|10|
2017-06-10 21:58:53.3050364|15|18|15|0|2|6|26|29|25|25|16|3|3|8|29|20|15|
2017-06-10 21:58:53.69711312|8|0|26|28|22|28|0|7|25|14|24|17|13|2|11|9|9|
2017-06-10 21:58:54.09366821|19|13|13|4|27|21|15|26|21|16|13|23|5|18|19|5|4|
2017-06-10 21:58:54.4591038|28|14|19|11|27|7|0|13|2|15|27|18|10|17|0|8|4|
2017-06-10 21:58:54.81958012|13|22|24|2|17|3|19|28|1|5|13|8|12|28|9|9|7|
2017-06-10 21:58:55.24321218|8|7|28|10|16|14|9|16|20|12|0|20|27|10|0|14|2|
2017-06-10 21:58:55.67038722|19|6|26|6|29|19|27|5|2|11|5|13|7|7|0|1|18|
2017-06-10 21:58:56.08695929|27|21|1|26|13|7|26|25|9|13|16|6|1|18|20|5|0|
2017-06-10 21:58:56.48200123|27|28|17|25|26|24|22|7|21|11|27|9|12|29|15|18|26|
2017-06-10 21:58:56.85353225|7|2|20|17|6|22|13|4|10|1|21|5|3|28|7|20|17|
2017-06-10 21:58:57.25509626|24|21|8|14|19|26|24|15|5|24|16|21|0|17|17|1|21|
2017-06-10 21:58:57.62905110|10|3|19|17|0|23|18|2|25|24|4|15|20|24|6|27|29|
2017-06-10 21:58:58.0101012|13|7|12|19|12|21|2|10|11|23|11|13|15|16|15|3|6|
2017-06-10 21:58:58.3850629|2|23|26|7|14|0|18|21|20|29|26|1|6|18|22|7|20|
2017-06-10 21:58:58.85932329|22|23|6|8|2|2|12|29|4|14|28|4|4|14|11|6|10|
2017-06-10 21:58:59.29900911|13|13|24|16|16|4|23|9|5|15|15|14|6|27|27|1|12|
2017-06-10 21:58:59.65950321|8|26|2|26|2|5|19|10|20|1|4|11|2|25|28|21|9|
2017-06-10 21:59:00.03346313|11|10|23|28|24|12|8|14|0|6|4|24|0|5|24|0|28|
2017-06-10 21:59:00.41050724|15|12|24|15|25|27|19|0|22|3|9|1|1|24|4|4|10|
2017-06-10 21:59:00.82360710|18|9|12|29|0|24|16|14|20|23|28|2|14|4|4|3|3|
2017-06-10 21:59:01.2030808|22|25|6|3|15|21|18|9|2|9|17|10|29|6|10|18|16|
2017-06-10 21:59:01.6577917|21|26|15|22|9|22|29|9|23|8|28|5|3|1|2|26|18|
2017-06-10 21:59:02.07941118|26|8|0|6|28|10|29|16|28|28|10|20|18|10|0|29|28|
2017-06-10 21:59:02.45946423|0|9|9|3|8|13|15|1|1|5|20|29|20|26|13|16|9|
2017-06-10 21:59:02.88609322|27|14|6|28|20|10|11|14|28|22|27|14|29|19|16|20|9|
2017-06-10 21:59:03.2645652|21|19|7|11|11|5|11|11|1|28|1|25|26|13|21|1|4|
2017-06-10 21:59:03.6260641|4|19|2|8|14|21|10|15|2|11|24|8|0|25|2|3|18|
2017-06-10 21:59:04.0176104|29|3|1|26|9|18|26|22|15|12|24|25|0|21|23|22|2|
2017-06-10 21:59:04.42665514|27|25|16|22|7|1|27|18|23|29|6|14|1|27|7|9|21|
2017-06-10 21:59:04.83574322|2|24|12|0|4|19|20|9|26|17|17|14|22|18|11|23|13|
2017-06-10 21:59:05.27440811|3|23|24|29|18|27|13|28|25|19|2|1|27|14|20|0|28|
2017-06-10 21:59:05.64092528|24|0|11|6|29|19|13|10|21|14|22|24|16|18|4|5|22|
2017-06-10 21:59:06.0124075|20|21|10|23|27|4|20|4|8|22|6|16|18|27|1|4|5|
2017-06-10 21:59:06.44351911|28|1|1|27|9|2|22|10|23|5|11|25|11|19|12|9|2|
2017-06-10 21:59:06.8122730|25|12|4|4|8|1|14|5|24|6|14|20|0|24|29|21|9|
2017-06-10 21:59:07.17747119|27|22|19|23|17|14|25|12|5|23|12|21|17|14|11|4|25|
2017-06-10 21:59:07.6106214|17|29|3|14|13|6|21|10|2|23|22|22|17|23|6|21|25|
2017-06-10 21:59:08.08488410|4|21|15|10|20|9|8|28|22|14|16|8|16|1|1|24|24|
2017-06-10 21:59:08.45637123|21|6|17|28|2|24|13|6|0|21|27|4|15|28|20|17|26|
2017-06-10 21:59:08.8489684|22|16|22|17|20|16|12|20|0|17|25|20|1|4|9|20|8|
2017-06-10 21:59:09.22245418|7|6|23|19|23|10|7|28|1|14|27|28|23|28|0|10|27|
2017-06-10 21:59:09.5859571|11|7|9|11|27|8|12|6|8|25|18|20|28|17|8|12|27|
2017-06-10 21:59:09.99304029|4|26|8|18|4|20|18|16|18|17|24|21|28|28|21|1|0|
2017-06-10 21:59:10.40814120|16|27|15|18|3|13|4|26|13|20|28|29|25|15|7|16|16|
2017-06-10 21:59:10.8207273|26|14|11|0|19|20|18|23|3|12|28|12|14|20|20|10|28|
2017-06-10 21:59:11.24234813|27|10|27|10|7|14|20|0|1|8|9|16|6|26|11|28|16|
2017-06-10 21:59:11.65598328|22|16|24|2|4|17|5|5|19|24|14|16|14|20|25|0|13|
2017-06-10 21:59:12.03245629|28|21|15|6|17|22|26|3|8|12|4|2|14|29|2|24|13|
2017-06-10 21:59:12.4059426|4|24|2|23|23|21|18|18|17|19|4|12|2|11|25|13|26|
2017-06-10 21:59:12.78799526|25|19|24|22|9|25|14|22|8|25|15|25|13|29|14|1|25|
2017-06-10 21:59:13.1539758|21|25|25|5|5|15|3|18|5|7|6|22|12|7|1|13|6|
2017-06-10 21:59:13.60362920|5|8|10|7|1|8|29|14|21|15|15|23|26|9|13|22|17|
2017-06-10 21:59:14.03176628|7|5|4|20|17|22|9|9|14|14|13|21|5|11|16|20|23|
2017-06-10 21:59:14.4138371|11|23|16|5|16|0|2|15|13|19|28|22|7|4|23|24|7|
2017-06-10 21:59:14.77976717|19|29|29|29|9|18|24|15|23|14|27|21|16|1|19|28|8|
2017-06-10 21:59:15.18889123|24|2|15|12|20|22|13|18|19|4|28|13|29|16|13|21|13|
